[array([0.843     , 0.819     , 0.79622222, 0.77816667, 0.76013333,
       0.74427778, 0.73057143, 0.715375  , 0.69985185, 0.68403333,
       0.66966667, 0.65694444, 0.64484615, 0.6305    , 0.61786667,
       0.60635417, 0.59492157, 0.58537037, 0.57392982, 0.563     ,
       0.55366667, 0.54365152, 0.534     , 0.52393056, 0.51386667,
       0.50438462, 0.49546914, 0.487     , 0.47857471, 0.47065556]), array([0.57575   , 0.55116667, 0.53202778, 0.51470833, 0.5009    ,
       0.48876389, 0.47741667, 0.4684375 , 0.4600463 , 0.45154167,
       0.44462879, 0.43716667, 0.42983974, 0.42354167, 0.41733889,
       0.41139583, 0.40578922, 0.40019444, 0.39553947, 0.39017917,
       0.38511111, 0.37989015, 0.37543116, 0.37104514, 0.36645333,
       0.36229487, 0.35809877, 0.35403869, 0.35005747, 0.34650556]), array([0.4681    , 0.44866667, 0.43233333, 0.41849167, 0.40702667,
       0.39682222, 0.38720952, 0.3783125 , 0.37064815, 0.36347   ,
       0.35721212, 0.35118889, 0.34535641, 0.33996429, 0.33471333,
       0.32982083, 0.32550196, 0.32106667, 0.31685789, 0.312645  ,
       0.30873333, 0.3051803 , 0.30167391, 0.29819722, 0.29488   ,
       0.29173974, 0.28855556, 0.28537976, 0.28247586, 0.27960667]), array([0.34184167, 0.32484167, 0.31096389, 0.29964792, 0.28982333,
       0.28135139, 0.27377738, 0.2672125 , 0.26114074, 0.2556175 ,
       0.25045985, 0.24572708, 0.24134103, 0.23716429, 0.23319167,
       0.22953542, 0.22592304, 0.22258287, 0.21933728, 0.21642792,
       0.21354881, 0.2108322 , 0.20831449, 0.20580382, 0.20330333,
       0.20101667, 0.19875833, 0.19657827, 0.19445431, 0.19246083])]
[array([0.0281    , 0.0546    , 0.07962222, 0.10375556, 0.12668889,
       0.14885556, 0.17046667, 0.19076667, 0.20995556, 0.22801111,
       0.24554444, 0.26277778, 0.27943333, 0.29423333, 0.30893333,
       0.32338889, 0.33712222, 0.35122222, 0.36348889, 0.37533333,
       0.38756667, 0.39867778, 0.4094    , 0.41914444, 0.42822222,
       0.43713333, 0.44592222, 0.45453333, 0.46262222, 0.47065556]), array([0.01919167, 0.03674444, 0.05320278, 0.06862778, 0.08348333,
       0.09775278, 0.11139722, 0.12491667, 0.13801389, 0.15051389,
       0.16303056, 0.17486667, 0.18626389, 0.19765278, 0.20866944,
       0.21941111, 0.22994722, 0.24011667, 0.25050833, 0.26011944,
       0.26957778, 0.27858611, 0.28783056, 0.29683611, 0.30537778,
       0.31398889, 0.32228889, 0.33043611, 0.33838889, 0.34650556]), array([0.01560333, 0.02991111, 0.04323333, 0.05579889, 0.06783778,
       0.07936444, 0.09034889, 0.10088333, 0.11119444, 0.12115667,
       0.13097778, 0.14047556, 0.14965444, 0.15865   , 0.16735667,
       0.17590444, 0.18445111, 0.19264   , 0.20067667, 0.20843   ,
       0.21611333, 0.22379889, 0.23128333, 0.23855778, 0.24573333,
       0.25284111, 0.2597    , 0.26635444, 0.27306   , 0.27960667]), array([0.01139472, 0.02165611, 0.03109639, 0.03995306, 0.04830389,
       0.05627028, 0.06388139, 0.07125667, 0.07834222, 0.08520583,
       0.09183528, 0.09829083, 0.10458111, 0.11067667, 0.11659583,
       0.12241889, 0.12802306, 0.13354972, 0.13891361, 0.14428528,
       0.14948417, 0.15461028, 0.15970778, 0.16464306, 0.16941944,
       0.17421444, 0.1788825 , 0.18347306, 0.1879725 , 0.19246083])]
[21.814332326253254, 48.79933087031046, 122.75483163197835, 1450.7193344434102]
[array([0.88933333, 0.8605    , 0.83233333, 0.808     , 0.7866    ,
       0.76733333, 0.74890476, 0.72916667, 0.71233333, 0.69686667,
       0.67924242, 0.66477778, 0.65182051, 0.63666667, 0.62324444,
       0.6081875 , 0.59513725, 0.58390741, 0.5734386 , 0.56366667,
       0.55349206, 0.54377273, 0.53411594, 0.526     , 0.51765333,
       0.50803846, 0.50028395, 0.49197619, 0.48483908, 0.47674444]), array([0.62225   , 0.59925   , 0.58002778, 0.56327083, 0.54861667,
       0.53334722, 0.52113095, 0.50915625, 0.49972222, 0.49115833,
       0.48182576, 0.47315972, 0.4650641 , 0.4576131 , 0.45029444,
       0.44307292, 0.43669118, 0.42994907, 0.42377193, 0.41772083,
       0.41163889, 0.40576894, 0.40024275, 0.3946875 , 0.38951333,
       0.38455128, 0.37960494, 0.37488988, 0.37009483, 0.36551111]), array([0.5258    , 0.50103333, 0.48123333, 0.46465   , 0.45144667,
       0.43951111, 0.42798095, 0.41769583, 0.40875185, 0.40069   ,
       0.3929303 , 0.385675  , 0.37861282, 0.37239048, 0.36594222,
       0.3601875 , 0.35439608, 0.34879259, 0.34362807, 0.33876333,
       0.33404921, 0.32952576, 0.32516377, 0.32106111, 0.31680533,
       0.31268333, 0.3089    , 0.30509881, 0.30144138, 0.29817556]), array([0.37355   , 0.35504583, 0.34028333, 0.32671875, 0.31552667,
       0.30592222, 0.2975119 , 0.28994167, 0.28293704, 0.276615  ,
       0.27083106, 0.26527361, 0.26012949, 0.25536607, 0.25088833,
       0.2466375 , 0.24267157, 0.23890833, 0.23548246, 0.23213417,
       0.22890079, 0.22570833, 0.22261123, 0.21965937, 0.21679667,
       0.21408654, 0.21148333, 0.20895208, 0.20652701, 0.20410222]), array([0.33524762, 0.31673333, 0.30234603, 0.29034762, 0.27976476,
       0.27043492, 0.26252721, 0.25513988, 0.24853386, 0.24258286,
       0.23700346, 0.23194087, 0.22725275, 0.22284932, 0.21876317,
       0.21487321, 0.21123417, 0.20773757, 0.20448697, 0.20139476,
       0.19842132, 0.19558896, 0.19286625, 0.19025437, 0.18778933,
       0.18542289, 0.18312046, 0.18093214, 0.17877504, 0.17673889])]
[array([0.02964444, 0.05736667, 0.08323333, 0.10773333, 0.1311    ,
       0.15346667, 0.17474444, 0.19444444, 0.2137    , 0.23228889,
       0.24905556, 0.26591111, 0.28245556, 0.29711111, 0.31162222,
       0.32436667, 0.33724444, 0.35034444, 0.36317778, 0.37577778,
       0.38744444, 0.39876667, 0.40948889, 0.4208    , 0.43137778,
       0.4403    , 0.45025556, 0.45917778, 0.46867778, 0.47674444]), array([0.02074167, 0.03995   , 0.05800278, 0.07510278, 0.09143611,
       0.10666944, 0.12159722, 0.135775  , 0.14991667, 0.16371944,
       0.17666944, 0.18926389, 0.20152778, 0.21355278, 0.22514722,
       0.23630556, 0.24745833, 0.25796944, 0.26838889, 0.27848056,
       0.28814722, 0.29756389, 0.30685278, 0.31575   , 0.32459444,
       0.33327778, 0.34164444, 0.34989722, 0.35775833, 0.36551111]), array([0.01752667, 0.03340222, 0.04812333, 0.06195333, 0.07524111,
       0.08790222, 0.09986222, 0.11138556, 0.12262556, 0.13356333,
       0.14407444, 0.15427   , 0.16406556, 0.17378222, 0.18297111,
       0.1921    , 0.20082444, 0.20927556, 0.21763111, 0.22584222,
       0.23383444, 0.24165222, 0.24929222, 0.25684889, 0.26400444,
       0.27099222, 0.27801   , 0.28475889, 0.29139333, 0.29817556]), array([0.01245167, 0.02366972, 0.03402833, 0.0435625 , 0.05258778,
       0.06118444, 0.06941944, 0.07731778, 0.08488111, 0.092205  ,
       0.09930472, 0.10610944, 0.11272278, 0.11917083, 0.12544417,
       0.13154   , 0.13751389, 0.143345  , 0.14913889, 0.15475611,
       0.16023056, 0.16551944, 0.17066861, 0.1757275 , 0.18066389,
       0.18554167, 0.190335  , 0.19502194, 0.19964278, 0.20410222]), array([0.01117492, 0.02111556, 0.0302346 , 0.03871302, 0.04662746,
       0.05408698, 0.06125635, 0.0680373 , 0.07456016, 0.08086095,
       0.08690127, 0.09277635, 0.09847619, 0.10399635, 0.10938159,
       0.11459905, 0.11969937, 0.12464254, 0.12950841, 0.13426317,
       0.13889492, 0.1434319 , 0.14786413, 0.15220349, 0.15649111,
       0.16069984, 0.16480841, 0.16887   , 0.17281587, 0.17673889])]
[15.511832157770792, 25.84649880727132, 46.89882596333822, 175.85650038719177, 310.9047220547994]
[array([0.84966667, 0.8325    , 0.81344444, 0.79441667, 0.77606667,
       0.75716667, 0.73819048, 0.72104167, 0.70351852, 0.68673333,
       0.67236364, 0.65894444, 0.64492308, 0.63178571, 0.61906667,
       0.60585417, 0.59384314, 0.58175926, 0.57147368, 0.56015   ,
       0.55184127, 0.54237879, 0.53317391, 0.52384722, 0.51506667,
       0.50611538, 0.49716049, 0.4884881 , 0.48050575, 0.47207778]), array([0.58666667, 0.55945833, 0.54013889, 0.52502083, 0.51105   ,
       0.49966667, 0.48847619, 0.47841667, 0.47007407, 0.46181667,
       0.45437121, 0.44713889, 0.44010897, 0.43233929, 0.42587778,
       0.41958854, 0.41394608, 0.40821759, 0.40282018, 0.39776667,
       0.39272619, 0.38754924, 0.38269928, 0.37775347, 0.37309667,
       0.36877244, 0.36453086, 0.36041667, 0.35626437, 0.35237778]), array([0.4709    , 0.45123333, 0.43274444, 0.41919167, 0.40751333,
       0.39677778, 0.38720476, 0.3778375 , 0.37000741, 0.36287667,
       0.35590606, 0.35002222, 0.34412051, 0.33857381, 0.33371556,
       0.32868542, 0.3237451 , 0.31921296, 0.31507544, 0.31080167,
       0.30680952, 0.30299848, 0.29927101, 0.29568194, 0.292336  ,
       0.28909872, 0.28599383, 0.28279405, 0.27976437, 0.27679889]), array([0.34323333, 0.32606667, 0.31115278, 0.29898125, 0.28918667,
       0.28054167, 0.27316071, 0.26664583, 0.26041389, 0.2548425 ,
       0.24970833, 0.24482361, 0.240325  , 0.23631429, 0.23234056,
       0.2286    , 0.22517892, 0.22189306, 0.21874079, 0.21573333,
       0.21289365, 0.21004242, 0.20746993, 0.20492535, 0.20251   ,
       0.20015673, 0.19788364, 0.19561845, 0.19352557, 0.19148028]), array([0.30326667, 0.28613333, 0.27315714, 0.26207143, 0.25295238,
       0.2448627 , 0.23773469, 0.23125833, 0.22557619, 0.22050952,
       0.21577143, 0.21124286, 0.20708425, 0.20321905, 0.19966413,
       0.19635208, 0.19322801, 0.19028254, 0.18754612, 0.18482619,
       0.18230476, 0.17987944, 0.17752878, 0.17527798, 0.17312819,
       0.17101154, 0.16899788, 0.16711259, 0.16526059, 0.16349635])]
[array([0.02832222, 0.0555    , 0.08134444, 0.10592222, 0.12934444,
       0.15143333, 0.17224444, 0.19227778, 0.21105556, 0.22891111,
       0.24653333, 0.26357778, 0.27946667, 0.29483333, 0.30953333,
       0.32312222, 0.33651111, 0.34905556, 0.36193333, 0.37343333,
       0.38628889, 0.39774444, 0.40876667, 0.41907778, 0.42922222,
       0.43863333, 0.44744444, 0.45592222, 0.46448889, 0.47207778]), array([0.01955556, 0.03729722, 0.05401389, 0.07000278, 0.085175  ,
       0.09993333, 0.11397778, 0.12757778, 0.14102222, 0.15393889,
       0.16660278, 0.17885556, 0.19071389, 0.20175833, 0.21293889,
       0.22378056, 0.23456944, 0.24493056, 0.25511944, 0.26517778,
       0.27490833, 0.28420278, 0.29340278, 0.30220278, 0.31091389,
       0.31960278, 0.32807778, 0.33638889, 0.34438889, 0.35237778]), array([0.01569667, 0.03008222, 0.04327444, 0.05589222, 0.06791889,
       0.07935556, 0.09034778, 0.10075667, 0.11100222, 0.12095889,
       0.13049889, 0.14000889, 0.14911889, 0.15800111, 0.16685778,
       0.17529889, 0.18345556, 0.19152778, 0.19954778, 0.20720111,
       0.21476667, 0.22219889, 0.22944111, 0.23654556, 0.24361333,
       0.25055222, 0.25739444, 0.26394111, 0.27043889, 0.27679889]), array([0.01144111, 0.02173778, 0.03111528, 0.03986417, 0.04819778,
       0.05610833, 0.0637375 , 0.07110556, 0.07812417, 0.0849475 ,
       0.09155972, 0.09792944, 0.10414083, 0.11028   , 0.11617028,
       0.12192   , 0.12760139, 0.13313583, 0.13853583, 0.14382222,
       0.14902556, 0.15403111, 0.15906028, 0.16394028, 0.16875833,
       0.17346917, 0.17809528, 0.18257722, 0.18707472, 0.19148028]), array([0.01010889, 0.01907556, 0.02731571, 0.03494286, 0.04215873,
       0.04897254, 0.05547143, 0.06166889, 0.06767286, 0.07350317,
       0.07911619, 0.08449714, 0.08973651, 0.09483556, 0.09983206,
       0.10472111, 0.10949587, 0.11416952, 0.11877921, 0.12321746,
       0.12761333, 0.13191159, 0.1361054 , 0.14022238, 0.14427349,
       0.14821   , 0.1520981 , 0.15597175, 0.1597519 , 0.16349635])]
[20.38699944814046, 54.970500787099205, 145.43483066558838, 635.3396681944529, 1209.261644442876]