print(exact_gpu_precisions)
print(exact_gpu_recalls)
print(exact_gpu_runtimes)
      
print(ugrid_gpu_precisions)
print(ugrid_gpu_recalls)
print(ugrid_gpu_runtimes)
      
print(qtree_cpu_precisions)
print(qtree_cpu_recalls)
print(qtree_cpu_runtimes)

[[0.86, 0.8245, 0.8053333333333333, 0.77875, 0.755, 0.7378333333333333, 0.7178571428571429, 0.700125, 0.6844444444444444, 0.6668, 0.6521818181818182, 0.6375, 0.6243846153846154, 0.6098571428571429, 0.5985333333333333, 0.585125, 0.5735294117647058, 0.5628333333333334, 0.5526315789473685, 0.5422, 0.5305714285714286, 0.5215909090909091, 0.5106086956521739, 0.5019583333333333, 0.49268, 0.48480769230769233, 0.47559259259259257, 0.4685714285714285, 0.4606551724137931, 0.4519333333333333], [0.7044, 0.6726, 0.6530666666666666, 0.6319, 0.61656, 0.6049333333333333, 0.5886857142857143, 0.57755, 0.5667555555555557, 0.55468, 0.5435636363636364, 0.5329333333333333, 0.5224615384615384, 0.5151142857142856, 0.5068799999999999, 0.498625, 0.4901411764705882, 0.4819555555555556, 0.4744, 0.46643999999999997, 0.4590666666666667, 0.4526, 0.4464695652173913, 0.4402833333333333, 0.43505599999999994, 0.42998461538461535, 0.42463703703703704, 0.4198142857142857, 0.41390344827586206, 0.40868000000000004], [0.5882, 0.5659, 0.5523333333333333, 0.5373, 0.5251600000000001, 0.5125666666666666, 0.5014571428571428, 0.490025, 0.4809111111111111, 0.4717, 0.4638727272727272, 0.4564833333333333, 0.4495538461538462, 0.44315714285714275, 0.43596, 0.429475, 0.42271764705882353, 0.4171888888888889, 0.4106421052631578, 0.40462000000000004, 0.39860952380952375, 0.3926181818181818, 0.3871478260869565, 0.38251666666666667, 0.377504, 0.37261538461538457, 0.36746666666666666, 0.3626785714285714, 0.35806206896551723, 0.3532866666666667], [0.537, 0.5101, 0.4916666666666666, 0.475675, 0.46316, 0.4516666666666667, 0.4406, 0.4296125, 0.4192, 0.4097, 0.4013181818181817, 0.39298333333333335, 0.3864461538461539, 0.37990714285714283, 0.37284666666666666, 0.36693125, 0.36108235294117647, 0.3554333333333333, 0.35020526315789474, 0.344955, 0.3403666666666667, 0.3354818181818181, 0.3309826086956522, 0.3266791666666667, 0.3226240000000001, 0.31850769230769227, 0.3144666666666666, 0.310275, 0.30609310344827584, 0.30210666666666663], [0.42176, 0.40632, 0.3890666666666666, 0.37537, 0.364248, 0.3544333333333334, 0.34473714285714285, 0.33681, 0.3296977777777778, 0.322604, 0.31626181818181814, 0.31042, 0.3049323076923077, 0.29960285714285717, 0.2942933333333333, 0.2895875, 0.2848635294117647, 0.28057777777777776, 0.27640210526315784, 0.27242799999999995, 0.2686552380952381, 0.26486727272727273, 0.2613078260869566, 0.25771666666666665, 0.25441600000000003, 0.25133846153846157, 0.2482133333333333, 0.24526857142857142, 0.24233241379310344, 0.23961066666666667], [0.3843, 0.36584, 0.35004, 0.33565, 0.324348, 0.31388333333333335, 0.3043142857142857, 0.2957325, 0.2881688888888889, 0.28111200000000003, 0.27461090909090907, 0.26854, 0.2629292307692308, 0.2577857142857143, 0.25295199999999995, 0.24840125, 0.24411529411764707, 0.23988222222222222, 0.2359336842105263, 0.23221799999999998, 0.2285552380952381, 0.22511363636363632, 0.22192695652173913, 0.21876583333333333, 0.2157736, 0.21297384615384618, 0.21022074074074076, 0.207605, 0.20496413793103452, 0.2025946666666667], [0.819, 0.7945, 0.7736666666666666, 0.7535, 0.7378000000000001, 0.7176666666666667, 0.7035714285714285, 0.687375, 0.67, 0.6541, 0.6413636363636362, 0.6295, 0.6179230769230769, 0.6055714285714285, 0.5958, 0.586, 0.5731764705882354, 0.5612222222222222, 0.5497368421052631, 0.53745, 0.5278095238095238, 0.5171363636363635, 0.5074347826086957, 0.49687499999999996, 0.48900000000000005, 0.48, 0.47081481481481485, 0.4623571428571429, 0.4531034482758621, 0.4456], [0.696, 0.6704, 0.6526666666666666, 0.6387, 0.62456, 0.612, 0.6001142857142857, 0.5882, 0.5748888888888889, 0.56316, 0.550690909090909, 0.5397333333333334, 0.5283384615384615, 0.5181714285714286, 0.5084799999999999, 0.5002, 0.4928941176470588, 0.4854666666666666, 0.4770736842105263, 0.46967999999999993, 0.46257142857142863, 0.4554545454545454, 0.4486608695652174, 0.4419, 0.43505600000000005, 0.42823076923076925, 0.422311111111111, 0.41644285714285706, 0.4102620689655172, 0.4045066666666667], [0.6008, 0.5759, 0.5564, 0.54285, 0.5294399999999999, 0.5183333333333334, 0.5064, 0.496325, 0.48931111111111114, 0.4814, 0.4736727272727273, 0.4663333333333333, 0.4582153846153846, 0.4500857142857143, 0.44349333333333335, 0.4372875, 0.4307411764705883, 0.4246, 0.4183473684210527, 0.41223999999999994, 0.4059047619047618, 0.39983636363636366, 0.39423478260869566, 0.3885916666666667, 0.383624, 0.3784461538461539, 0.37308888888888886, 0.36812142857142854, 0.3634, 0.35872666666666664], [0.5269, 0.5105, 0.4928333333333333, 0.477675, 0.46308, 0.4511166666666667, 0.4390142857142857, 0.4285, 0.4196888888888889, 0.41063, 0.4034818181818181, 0.3959166666666667, 0.38961538461538464, 0.38246428571428576, 0.3769733333333334, 0.37114375, 0.36558823529411766, 0.35991666666666666, 0.35495263157894735, 0.34975, 0.3448285714285714, 0.34055, 0.33603043478260874, 0.33167083333333336, 0.32765600000000006, 0.32386153846153853, 0.32016666666666665, 0.3163285714285714, 0.3125448275862069, 0.3089033333333333], [0.4368, 0.414, 0.3968133333333333, 0.38286, 0.37052, 0.35881333333333326, 0.34883428571428565, 0.340225, 0.33192888888888883, 0.324532, 0.3176436363636363, 0.31085333333333337, 0.3047876923076923, 0.29886857142857143, 0.293416, 0.28846, 0.28386117647058823, 0.27910888888888885, 0.27474947368421054, 0.27055599999999996, 0.2665352380952381, 0.26264727272727273, 0.2588034782608696, 0.2551566666666667, 0.25185280000000004, 0.24833076923076924, 0.24507999999999996, 0.24221999999999996, 0.2391641379310345, 0.23630000000000004], [0.39982, 0.3804, 0.36182, 0.347745, 0.33420000000000005, 0.32317666666666667, 0.3130057142857143, 0.3038225, 0.2956377777777778, 0.28809199999999996, 0.28119090909090905, 0.2747116666666667, 0.2687969230769231, 0.2634142857142857, 0.25827333333333335, 0.25334125, 0.24882941176470588, 0.2443755555555555, 0.24029263157894734, 0.23638300000000004, 0.2327323809523809, 0.22905454545454546, 0.22568782608695653, 0.22246416666666669, 0.21940800000000002, 0.21649846153846156, 0.21353111111111114, 0.2108307142857143, 0.2082365517241379, 0.20554866666666666], [0.871, 0.828, 0.7996666666666666, 0.77925, 0.7552000000000001, 0.7366666666666667, 0.7204285714285713, 0.705375, 0.6881111111111111, 0.6732, 0.6554545454545454, 0.6418333333333334, 0.627, 0.6111428571428571, 0.5972, 0.584125, 0.5703529411764706, 0.558, 0.5467894736842105, 0.5362, 0.5249047619047619, 0.515, 0.5065217391304347, 0.49583333333333335, 0.486, 0.4773076923076924, 0.4673703703703703, 0.4593928571428571, 0.45282758620689656, 0.44493333333333335], [0.6524, 0.6272, 0.6077333333333333, 0.5893, 0.57616, 0.5624, 0.5499428571428572, 0.5412, 0.5268444444444443, 0.5154, 0.5042545454545454, 0.4952333333333333, 0.48621538461538455, 0.47794285714285706, 0.46893333333333337, 0.460825, 0.45430588235294117, 0.4462, 0.4393684210526315, 0.4324, 0.42565714285714273, 0.4192727272727273, 0.4137391304347826, 0.4074333333333333, 0.401616, 0.39592307692307693, 0.3906666666666667, 0.3858, 0.38097931034482757, 0.37550666666666666], [0.6336, 0.6072, 0.5864666666666666, 0.56945, 0.55628, 0.5428666666666666, 0.5307142857142857, 0.519925, 0.5090888888888889, 0.4999, 0.4910909090909091, 0.4812333333333334, 0.4726461538461539, 0.4653, 0.45730666666666664, 0.44995, 0.44267058823529404, 0.43552222222222214, 0.4289894736842105, 0.422, 0.4154, 0.4089545454545455, 0.4024086956521739, 0.3967166666666667, 0.39085600000000004, 0.38478461538461545, 0.3795555555555556, 0.3739571428571428, 0.36817931034482765, 0.36334666666666665], [0.5258, 0.5137, 0.4937333333333333, 0.479325, 0.46586000000000005, 0.4540666666666666, 0.4444714285714285, 0.43475, 0.4255111111111111, 0.4163, 0.40824545454545447, 0.4006166666666667, 0.39297692307692306, 0.38585714285714284, 0.3790733333333334, 0.37289375, 0.3669235294117647, 0.3611111111111111, 0.35581052631578947, 0.350675, 0.34553809523809526, 0.34068181818181814, 0.3360347826086956, 0.33157083333333337, 0.3272280000000001, 0.3229923076923077, 0.31878148148148144, 0.3145178571428571, 0.3102620689655172, 0.3067166666666667], [0.4408, 0.42126, 0.40142666666666665, 0.38601, 0.3736000000000001, 0.36241333333333337, 0.35231428571428575, 0.34407, 0.33630222222222217, 0.3296239999999999, 0.32377090909090905, 0.31737, 0.3109415384615385, 0.3053571428571429, 0.30006133333333335, 0.2950225, 0.2903458823529412, 0.2857511111111111, 0.2814273684210526, 0.2775, 0.27369333333333334, 0.26984363636363634, 0.2660417391304348, 0.26244166666666674, 0.2591568, 0.2560061538461539, 0.2528340740740741, 0.24984999999999996, 0.24701793103448272, 0.24428933333333333]]
[[0.028666666666666663, 0.054966666666666664, 0.08053333333333333, 0.10383333333333335, 0.12583333333333335, 0.14756666666666665, 0.1675, 0.1867, 0.20533333333333337, 0.22226666666666664, 0.23913333333333334, 0.255, 0.2705666666666666, 0.2846, 0.2992666666666666, 0.31206666666666666, 0.325, 0.33769999999999994, 0.35, 0.3614666666666667, 0.37139999999999995, 0.3825, 0.3914666666666667, 0.4015666666666667, 0.4105666666666666, 0.42016666666666663, 0.4280333333333333, 0.4373333333333333, 0.4453, 0.4519333333333333], [0.023479999999999997, 0.04484, 0.06530666666666667, 0.08425333333333333, 0.10275999999999999, 0.12098666666666666, 0.13735999999999998, 0.15401333333333334, 0.1700266666666667, 0.18489333333333333, 0.19930666666666666, 0.21317333333333335, 0.2264, 0.24038666666666667, 0.25343999999999994, 0.2659333333333333, 0.2777466666666667, 0.28917333333333334, 0.30045333333333335, 0.31096, 0.3213466666666666, 0.3319066666666667, 0.34229333333333334, 0.35222666666666663, 0.36254666666666674, 0.3726533333333334, 0.3821733333333333, 0.39182666666666666, 0.40010666666666667, 0.40868000000000004], [0.019606666666666665, 0.037726666666666665, 0.055233333333333336, 0.07164, 0.08752666666666667, 0.10251333333333332, 0.11700666666666666, 0.13067333333333334, 0.14427333333333334, 0.15723333333333334, 0.1700866666666667, 0.18259333333333333, 0.19480666666666666, 0.20680666666666667, 0.21798, 0.22905333333333333, 0.23953999999999998, 0.25031333333333333, 0.2600733333333334, 0.2697466666666667, 0.27902666666666665, 0.28792, 0.2968133333333333, 0.3060133333333333, 0.3145866666666667, 0.3229333333333333, 0.33071999999999996, 0.3385, 0.34612666666666664, 0.3532866666666667], [0.0179, 0.034006666666666664, 0.049166666666666664, 0.06342333333333333, 0.07719333333333332, 0.09033333333333333, 0.10280666666666666, 0.11456333333333335, 0.12575999999999998, 0.13656666666666667, 0.14715, 0.15719333333333335, 0.16746000000000003, 0.17729, 0.18642333333333333, 0.19569666666666666, 0.2046133333333333, 0.21326000000000003, 0.22179666666666667, 0.22996999999999998, 0.23825666666666667, 0.24602, 0.25375333333333333, 0.2613433333333333, 0.26885333333333333, 0.27604, 0.28302000000000005, 0.28959000000000007, 0.29589, 0.30210666666666663], [0.014058666666666665, 0.027087999999999997, 0.03890666666666666, 0.05004933333333333, 0.060708000000000005, 0.07088666666666665, 0.08043866666666667, 0.08981600000000002, 0.09890933333333335, 0.10753466666666667, 0.11596266666666666, 0.12416800000000001, 0.13213733333333333, 0.13981466666666667, 0.14714666666666665, 0.1544466666666667, 0.1614226666666667, 0.16834666666666667, 0.17505466666666666, 0.18161866666666665, 0.18805866666666668, 0.194236, 0.20033600000000001, 0.20617333333333335, 0.21201333333333333, 0.21782666666666667, 0.22339199999999998, 0.22891733333333333, 0.23425466666666664, 0.23961066666666667], [0.012809999999999998, 0.024389333333333332, 0.03500399999999999, 0.04475333333333333, 0.054058, 0.06277666666666666, 0.07100666666666666, 0.078862, 0.08645066666666666, 0.09370400000000001, 0.10069066666666669, 0.107416, 0.11393600000000002, 0.1203, 0.12647599999999998, 0.13248066666666666, 0.13833200000000004, 0.14392933333333335, 0.14942466666666668, 0.15481199999999998, 0.1599886666666667, 0.16508333333333336, 0.17014400000000002, 0.17501266666666668, 0.17981133333333335, 0.18457733333333337, 0.18919866666666668, 0.19376466666666667, 0.198132, 0.2025946666666667], [0.027299999999999998, 0.05296666666666666, 0.07736666666666668, 0.10046666666666666, 0.12296666666666668, 0.14353333333333335, 0.16416666666666668, 0.18330000000000002, 0.201, 0.21803333333333333, 0.23516666666666666, 0.2518, 0.26776666666666665, 0.2826, 0.2979, 0.3125333333333334, 0.3248, 0.33673333333333333, 0.3481666666666667, 0.3583, 0.3694666666666667, 0.37923333333333337, 0.3890333333333333, 0.3975, 0.4075, 0.416, 0.42373333333333335, 0.4315333333333333, 0.438, 0.4456], [0.0232, 0.04469333333333333, 0.06526666666666667, 0.08515999999999999, 0.10409333333333332, 0.1224, 0.14002666666666666, 0.15685333333333332, 0.17246666666666668, 0.18772, 0.20192, 0.21589333333333333, 0.22894666666666666, 0.24181333333333332, 0.25423999999999997, 0.26677333333333336, 0.27930666666666665, 0.29128000000000004, 0.3021466666666666, 0.31312, 0.3238, 0.334, 0.34397333333333335, 0.35352, 0.3625466666666667, 0.37113333333333337, 0.38008000000000003, 0.38867999999999997, 0.3965866666666667, 0.4045066666666667], [0.020026666666666665, 0.03839333333333333, 0.055639999999999995, 0.07238, 0.08824, 0.10366666666666666, 0.11816000000000002, 0.13235333333333332, 0.14679333333333333, 0.16046666666666667, 0.17368, 0.18653333333333333, 0.19856, 0.21004, 0.22174666666666668, 0.23321999999999998, 0.24408666666666667, 0.25476, 0.2649533333333333, 0.27482666666666666, 0.2841333333333333, 0.2932133333333333, 0.30224666666666666, 0.31087333333333333, 0.3196866666666667, 0.3279866666666667, 0.33577999999999997, 0.34358, 0.3512866666666667, 0.35872666666666664], [0.01756333333333333, 0.03403333333333334, 0.049283333333333325, 0.06369, 0.07718000000000001, 0.09022333333333334, 0.10243666666666668, 0.11426666666666667, 0.1259066666666667, 0.13687666666666667, 0.14794333333333334, 0.15836666666666668, 0.16883333333333334, 0.17848333333333335, 0.1884866666666667, 0.19794333333333333, 0.20716666666666664, 0.21595, 0.22480333333333333, 0.2331666666666667, 0.24138, 0.2497366666666667, 0.2576233333333333, 0.26533666666666667, 0.2730466666666667, 0.28068000000000004, 0.28815, 0.29524, 0.3021266666666667, 0.3089033333333333], [0.014559999999999998, 0.027599999999999996, 0.03968133333333333, 0.051048, 0.061753333333333334, 0.07176266666666667, 0.08139466666666666, 0.09072666666666668, 0.09957866666666669, 0.10817733333333333, 0.11646933333333336, 0.12434133333333335, 0.13207466666666667, 0.139472, 0.146708, 0.15384533333333333, 0.1608546666666667, 0.16746533333333333, 0.174008, 0.1803706666666667, 0.18657466666666667, 0.19260800000000003, 0.19841599999999998, 0.20412533333333335, 0.20987733333333333, 0.21522, 0.22057200000000002, 0.226072, 0.231192, 0.23630000000000004], [0.013327333333333333, 0.025359999999999997, 0.036182, 0.046366000000000004, 0.0557, 0.06463533333333332, 0.07303466666666668, 0.08101933333333335, 0.08869133333333333, 0.09603066666666665, 0.10310333333333335, 0.10988466666666667, 0.11647866666666669, 0.12292666666666668, 0.12913666666666668, 0.13511533333333334, 0.14100333333333337, 0.14662533333333333, 0.15218533333333334, 0.15758866666666665, 0.16291266666666668, 0.16797333333333336, 0.17302733333333334, 0.17797133333333334, 0.18284, 0.18763200000000002, 0.192178, 0.19677533333333336, 0.20129533333333333, 0.20554866666666666], [0.02903333333333333, 0.0552, 0.07996666666666667, 0.1039, 0.12586666666666668, 0.14733333333333337, 0.16810000000000003, 0.18810000000000002, 0.20643333333333333, 0.22440000000000002, 0.24033333333333334, 0.25673333333333337, 0.2717, 0.28520000000000006, 0.2986, 0.3115333333333334, 0.32319999999999993, 0.33479999999999993, 0.34629999999999994, 0.3574666666666667, 0.3674333333333333, 0.3776666666666667, 0.38833333333333336, 0.3966666666666666, 0.405, 0.4136666666666666, 0.4206333333333333, 0.42876666666666663, 0.43773333333333336, 0.44493333333333335], [0.021746666666666664, 0.041813333333333334, 0.060773333333333325, 0.07857333333333333, 0.09602666666666665, 0.11247999999999997, 0.12832000000000002, 0.14432, 0.15805333333333332, 0.1718, 0.18489333333333333, 0.19809333333333334, 0.21069333333333334, 0.22304000000000002, 0.23446666666666668, 0.24577333333333337, 0.25743999999999995, 0.26771999999999996, 0.2782666666666667, 0.28826666666666667, 0.29796000000000006, 0.30746666666666667, 0.3172, 0.3259466666666666, 0.33468000000000003, 0.34313333333333335, 0.3516, 0.36007999999999996, 0.36828, 0.37550666666666666], [0.02112, 0.040479999999999995, 0.05864666666666666, 0.07592666666666667, 0.09271333333333331, 0.10857333333333331, 0.12383333333333335, 0.13864666666666667, 0.15272666666666668, 0.16663333333333333, 0.18006666666666668, 0.19249333333333335, 0.20481333333333332, 0.21713999999999997, 0.22865333333333332, 0.23997333333333334, 0.2508466666666666, 0.26131333333333334, 0.27169333333333334, 0.2813333333333333, 0.29078000000000004, 0.2999, 0.3085133333333333, 0.31737333333333334, 0.3257133333333333, 0.33348, 0.3416, 0.34902666666666665, 0.35590666666666665, 0.36334666666666665], [0.01752666666666667, 0.03424666666666666, 0.04937333333333333, 0.06391000000000001, 0.07764333333333334, 0.09081333333333334, 0.10371, 0.11593333333333335, 0.12765333333333334, 0.13876666666666668, 0.14969000000000002, 0.16024666666666668, 0.17029000000000002, 0.18006666666666668, 0.1895366666666667, 0.19887666666666667, 0.20792333333333335, 0.2166666666666667, 0.22534666666666667, 0.23378333333333332, 0.24187666666666663, 0.24983333333333335, 0.2576266666666666, 0.26525666666666664, 0.27269, 0.2799266666666667, 0.2869033333333334, 0.29355, 0.29991999999999996, 0.3067166666666667], [0.014693333333333333, 0.028084, 0.04014266666666667, 0.051468, 0.06226666666666665, 0.07248266666666665, 0.08220666666666668, 0.09175199999999999, 0.10089066666666667, 0.10987466666666669, 0.118716, 0.126948, 0.13474133333333338, 0.1425, 0.15003066666666667, 0.15734533333333334, 0.16452933333333333, 0.17145066666666667, 0.17823733333333333, 0.185, 0.19158533333333336, 0.19788533333333336, 0.20396533333333333, 0.20995333333333333, 0.215964, 0.221872, 0.22755066666666665, 0.2331933333333333, 0.23878400000000002, 0.24428933333333333]]
[48.09127187728882, 77.51951503753662, 154.27575635910034, 322.8405647277832, 2778.079393386841, 7888.054108381271, 40.13604664802551, 88.68009066581726, 168.17294001579285, 313.88594484329224, 1892.503045797348, 7863.417602300644, 48.55902028083801, 72.61838483810425, 167.3772168159485, 312.23759293556213, 2618.7803559303284]
[[0.853, 0.8365, 0.8156666666666665, 0.79825, 0.7772, 0.7641666666666668, 0.7492857142857142, 0.7335, 0.7204444444444444, 0.7063, 0.6901818181818181, 0.6734166666666667, 0.6571538461538462, 0.6445714285714286, 0.6321333333333333, 0.621875, 0.6093529411764705, 0.5962222222222222, 0.5863157894736841, 0.5757000000000001, 0.565047619047619, 0.5570909090909091, 0.5484347826086956, 0.53975, 0.52976, 0.5208461538461538, 0.5125555555555555, 0.5052142857142856, 0.4971034482758621, 0.49060000000000004], [0.7336, 0.716, 0.6972, 0.6783, 0.6552, 0.6381333333333333, 0.6232, 0.60795, 0.5933777777777778, 0.58124, 0.5677454545454546, 0.5558666666666666, 0.5442769230769231, 0.5319428571428572, 0.5222399999999999, 0.51245, 0.5014588235294117, 0.49275555555555567, 0.48374736842105265, 0.47434, 0.465695238095238, 0.4571272727272727, 0.4489739130434782, 0.44045, 0.43288000000000004, 0.4247846153846154, 0.4179703703703703, 0.41194285714285706, 0.40562758620689654, 0.3997866666666666], [0.6168, 0.5947, 0.5777333333333333, 0.56215, 0.54916, 0.5374333333333334, 0.5268571428571428, 0.516325, 0.5054, 0.49583999999999995, 0.4856181818181817, 0.4752666666666666, 0.46627692307692303, 0.45798571428571433, 0.45102666666666663, 0.443925, 0.4368, 0.4300555555555556, 0.42327368421052636, 0.41646000000000005, 0.4101619047619048, 0.4042636363636363, 0.3984782608695652, 0.39295, 0.3872, 0.38166923076923076, 0.3762148148148148, 0.37087857142857145, 0.3654551724137931, 0.36034], [0.566, 0.5453, 0.5274666666666668, 0.51015, 0.4965, 0.4818333333333333, 0.47035714285714286, 0.4584375, 0.44774444444444444, 0.43705999999999995, 0.4272363636363636, 0.418375, 0.41037692307692303, 0.4023357142857143, 0.3949466666666667, 0.38798125, 0.3811294117647059, 0.3748, 0.36859473684210525, 0.362545, 0.3568, 0.3514227272727273, 0.3462304347826087, 0.3410958333333334, 0.33636400000000005, 0.33161153846153846, 0.3272703703703703, 0.32281428571428566, 0.3185103448275862, 0.3141666666666667], [0.46716, 0.44578, 0.42809333333333327, 0.41116, 0.3981200000000001, 0.38588, 0.37537714285714285, 0.365795, 0.3569866666666666, 0.34902, 0.341330909090909, 0.33433, 0.3277753846153847, 0.3217142857142857, 0.31525600000000004, 0.309495, 0.3041670588235294, 0.29898444444444444, 0.29426947368421047, 0.28987, 0.2853695238095238, 0.2810781818181818, 0.2769443478260869, 0.2730366666666667, 0.26918720000000007, 0.26563846153846155, 0.26202370370370365, 0.2586942857142857, 0.25541793103448274, 0.25218266666666667], [0.41576, 0.38992, 0.37092, 0.355675, 0.34239600000000003, 0.32961, 0.31937714285714286, 0.3104075, 0.3021688888888889, 0.29468, 0.2874, 0.28060499999999994, 0.2745476923076923, 0.26864, 0.26325600000000005, 0.25834625, 0.2536670588235294, 0.24921666666666667, 0.2450736842105263, 0.24117699999999997, 0.23739904761904762, 0.2338572727272727, 0.23028000000000004, 0.22710333333333332, 0.22377360000000004, 0.2207323076923077, 0.2177725925925926, 0.21492500000000003, 0.2122006896551724, 0.20945466666666668], [0.854, 0.845, 0.827, 0.803, 0.779, 0.763, 0.7397142857142858, 0.72025, 0.705, 0.6894000000000001, 0.6729090909090909, 0.6563333333333332, 0.6411538461538462, 0.6262857142857142, 0.6126, 0.5995, 0.5842941176470589, 0.5705555555555556, 0.5602631578947369, 0.5492999999999999, 0.5381428571428571, 0.5293181818181818, 0.5185652173913043, 0.5095833333333334, 0.50248, 0.49403846153846154, 0.48577777777777775, 0.47660714285714284, 0.4699310344827586, 0.4635999999999999], [0.7364, 0.7106, 0.6888, 0.6695, 0.6536799999999999, 0.6394666666666667, 0.6242285714285714, 0.60955, 0.6014666666666666, 0.5896, 0.5784363636363637, 0.5687333333333333, 0.5569846153846154, 0.5466857142857143, 0.5358933333333332, 0.5281, 0.5191058823529412, 0.5092444444444444, 0.5006526315789473, 0.49272, 0.48344761904761907, 0.4756363636363636, 0.4679652173913044, 0.4598833333333334, 0.45164799999999994, 0.4454461538461539, 0.4388444444444444, 0.43221428571428566, 0.42529655172413794, 0.4182133333333333], [0.6276, 0.6085, 0.5859333333333333, 0.5703, 0.5573600000000001, 0.5433333333333333, 0.5293142857142857, 0.518875, 0.5079777777777778, 0.49772, 0.4878363636363636, 0.4788666666666666, 0.4698615384615385, 0.4611714285714285, 0.45343999999999995, 0.4460125, 0.4392, 0.4322222222222223, 0.4254526315789473, 0.41816000000000003, 0.4111619047619048, 0.4053181818181818, 0.39918260869565214, 0.3931, 0.38702400000000003, 0.38187692307692306, 0.3764444444444444, 0.3715857142857143, 0.36629655172413794, 0.36122], [0.5796, 0.55655, 0.5384333333333333, 0.5214, 0.5051000000000001, 0.4904, 0.4773, 0.46615, 0.4558222222222222, 0.44615, 0.436390909090909, 0.427225, 0.41868461538461543, 0.4109357142857143, 0.40404, 0.3965125, 0.39, 0.3836055555555556, 0.3773736842105263, 0.37098000000000003, 0.3650428571428571, 0.3593772727272727, 0.3532304347826087, 0.3479166666666667, 0.34238, 0.33721153846153845, 0.3323148148148149, 0.32750714285714283, 0.3229, 0.31799666666666665], [0.47808, 0.45528, 0.4351066666666666, 0.41906, 0.40589600000000003, 0.3938533333333333, 0.38246857142857144, 0.37204, 0.36263111111111107, 0.35412, 0.3461563636363636, 0.33864, 0.3319507692307692, 0.3256171428571429, 0.3194533333333333, 0.31389, 0.30823058823529415, 0.30303111111111114, 0.29782947368421053, 0.293258, 0.2885371428571429, 0.28403999999999996, 0.2799269565217391, 0.2760283333333333, 0.27209120000000003, 0.2682784615384616, 0.2646562962962963, 0.26115, 0.2577668965517242, 0.25443600000000005], [0.42566, 0.40289, 0.38356000000000007, 0.367365, 0.35342000000000007, 0.34111666666666673, 0.3305142857142857, 0.3212825, 0.31286222222222215, 0.30514399999999997, 0.29754181818181813, 0.29064833333333334, 0.28398769230769233, 0.2778871428571429, 0.2722333333333333, 0.26680375, 0.2616764705882353, 0.2570055555555556, 0.25237789473684213, 0.248046, 0.24396761904761904, 0.24017181818181813, 0.23653130434782604, 0.23298000000000005, 0.22954320000000003, 0.22618076923076927, 0.22310074074074074, 0.22005071428571424, 0.21718689655172413, 0.2143166666666667], [0.872, 0.8415, 0.8143333333333334, 0.8, 0.7758, 0.7545, 0.7397142857142857, 0.726125, 0.7114444444444444, 0.6961, 0.6807272727272727, 0.6665, 0.653, 0.6385714285714287, 0.6234666666666667, 0.6121875, 0.5990588235294118, 0.5886666666666668, 0.5768421052631579, 0.5671499999999999, 0.5579047619047619, 0.5471818181818181, 0.5368260869565218, 0.5267916666666667, 0.516, 0.505, 0.49637037037037035, 0.4886071428571429, 0.47982758620689653, 0.4717], [0.7376, 0.7278, 0.7024, 0.6837, 0.6662399999999999, 0.6514666666666666, 0.6358857142857142, 0.62095, 0.6091111111111112, 0.5976, 0.5853090909090909, 0.5729, 0.5609538461538461, 0.5478857142857143, 0.5357066666666667, 0.524875, 0.5149411764705882, 0.5045333333333334, 0.4945052631578947, 0.48522, 0.4765523809523809, 0.4670727272727272, 0.4592695652173913, 0.45045, 0.44286400000000004, 0.4357230769230769, 0.42837037037037046, 0.42155714285714285, 0.41456551724137936, 0.4076533333333333], [0.6362, 0.6185, 0.5973333333333334, 0.58185, 0.56676, 0.5528666666666666, 0.5397714285714286, 0.5276, 0.5149111111111111, 0.5024799999999999, 0.4916727272727272, 0.4813666666666666, 0.47107692307692306, 0.4621, 0.45343999999999995, 0.4443125, 0.43615294117647063, 0.42864444444444444, 0.421178947368421, 0.41371, 0.40694285714285716, 0.4003909090909091, 0.3942521739130435, 0.38863333333333333, 0.38284, 0.3777153846153847, 0.3724, 0.36710714285714285, 0.36230344827586203, 0.35746000000000006], [0.5744, 0.54925, 0.5319666666666667, 0.51475, 0.4983, 0.4839833333333333, 0.47064285714285714, 0.4573125, 0.4459555555555555, 0.4354799999999999, 0.4265, 0.4169916666666666, 0.4086538461538462, 0.40078571428571425, 0.3931733333333334, 0.3857375, 0.37841176470588234, 0.3722, 0.36551052631578945, 0.359645, 0.35390476190476194, 0.34833181818181813, 0.34275217391304347, 0.3374291666666667, 0.332384, 0.3272461538461539, 0.32273703703703704, 0.31826785714285716, 0.31416551724137937, 0.31007], [0.46344, 0.44328, 0.4252666666666666, 0.4108, 0.396072, 0.3849933333333333, 0.37348, 0.363945, 0.3546044444444444, 0.34631199999999995, 0.33844727272727265, 0.33155, 0.32498461538461537, 0.31898, 0.3132106666666667, 0.30771, 0.302355294117647, 0.2973644444444445, 0.2927831578947368, 0.28829800000000005, 0.28379999999999994, 0.2794290909090909, 0.2752347826086956, 0.27125333333333335, 0.2674624, 0.2638384615384616, 0.26034518518518523, 0.25693285714285713, 0.25352551724137934, 0.250292]]
[[0.02843333333333333, 0.05576666666666666, 0.08156666666666666, 0.10643333333333334, 0.12953333333333336, 0.15283333333333335, 0.17483333333333334, 0.19560000000000002, 0.21613333333333332, 0.23543333333333333, 0.25306666666666666, 0.2693666666666667, 0.28476666666666667, 0.30079999999999996, 0.31606666666666666, 0.3316666666666666, 0.3453, 0.35773333333333335, 0.3713333333333333, 0.3838, 0.3955333333333333, 0.4085333333333333, 0.4204666666666667, 0.43179999999999996, 0.4414666666666666, 0.45139999999999997, 0.46129999999999993, 0.4715333333333333, 0.4805333333333333, 0.49060000000000004], [0.024453333333333334, 0.04773333333333333, 0.06971999999999999, 0.09043999999999999, 0.1092, 0.12762666666666667, 0.14541333333333334, 0.16212, 0.17801333333333336, 0.19374666666666668, 0.20817333333333335, 0.22234666666666666, 0.23585333333333333, 0.24823999999999996, 0.26111999999999996, 0.27330666666666664, 0.28415999999999997, 0.2956533333333334, 0.30637333333333333, 0.31622666666666666, 0.3259866666666667, 0.3352266666666666, 0.3442133333333333, 0.35236, 0.3607333333333333, 0.3681466666666666, 0.37617333333333336, 0.38448, 0.39210666666666666, 0.3997866666666666], [0.02056, 0.03964666666666666, 0.057773333333333336, 0.07495333333333332, 0.09152666666666666, 0.10748666666666666, 0.12293333333333333, 0.13768666666666668, 0.15161999999999998, 0.16528, 0.17806, 0.19010666666666667, 0.20205333333333333, 0.21372666666666665, 0.22551333333333332, 0.23675999999999994, 0.24752, 0.25803333333333334, 0.26807333333333333, 0.27764, 0.28711333333333333, 0.29646, 0.3055, 0.31436, 0.32266666666666666, 0.33078, 0.33859333333333336, 0.34615333333333337, 0.3532733333333334, 0.36034], [0.018866666666666664, 0.03635333333333333, 0.05274666666666667, 0.06802000000000001, 0.08275, 0.09636666666666667, 0.10975, 0.12225, 0.13432333333333335, 0.1456866666666667, 0.15665333333333334, 0.16735000000000003, 0.17783000000000002, 0.18775666666666668, 0.19747333333333336, 0.20692333333333335, 0.21597333333333335, 0.22488000000000002, 0.23344333333333334, 0.24169666666666667, 0.24975999999999998, 0.25771, 0.26544333333333336, 0.2728766666666667, 0.28030333333333335, 0.2873966666666667, 0.2945433333333333, 0.30129333333333336, 0.30789333333333335, 0.3141666666666667], [0.015572, 0.029718666666666668, 0.042809333333333324, 0.054821333333333326, 0.06635333333333333, 0.07717600000000001, 0.087588, 0.09754533333333333, 0.10709599999999998, 0.11634, 0.1251546666666667, 0.13373200000000002, 0.142036, 0.15013333333333334, 0.15762800000000002, 0.16506400000000002, 0.1723613333333333, 0.1793906666666667, 0.18637066666666666, 0.19324666666666668, 0.19975866666666664, 0.20612400000000006, 0.212324, 0.21842933333333334, 0.22432266666666667, 0.23022, 0.23582133333333333, 0.241448, 0.24690400000000004, 0.25218266666666667], [0.013858666666666665, 0.025994666666666666, 0.037092, 0.04742333333333333, 0.057065999999999985, 0.065922, 0.07452133333333333, 0.08277533333333333, 0.09065066666666667, 0.09822666666666668, 0.10538, 0.11224200000000001, 0.11897066666666667, 0.12536533333333336, 0.13162800000000002, 0.1377846666666667, 0.1437446666666667, 0.14953, 0.15521333333333334, 0.1607846666666667, 0.16617933333333332, 0.17149533333333333, 0.17654800000000004, 0.18168266666666666, 0.18647800000000003, 0.19130133333333332, 0.19599533333333333, 0.20059666666666667, 0.20512733333333333, 0.20945466666666668], [0.02846666666666666, 0.056333333333333326, 0.08270000000000002, 0.10706666666666666, 0.12983333333333336, 0.15259999999999999, 0.17260000000000003, 0.19206666666666666, 0.2115, 0.2298, 0.24673333333333336, 0.26253333333333334, 0.2778333333333334, 0.2922666666666667, 0.3063, 0.31973333333333337, 0.3311, 0.3423333333333334, 0.35483333333333333, 0.36619999999999997, 0.3767, 0.3881666666666666, 0.3975666666666667, 0.4076666666666666, 0.41873333333333335, 0.42816666666666664, 0.4372, 0.44483333333333325, 0.45426666666666665, 0.4635999999999999], [0.024546666666666665, 0.04737333333333333, 0.06888, 0.08926666666666665, 0.10894666666666666, 0.1278933333333333, 0.14565333333333333, 0.16254666666666667, 0.18044000000000002, 0.19653333333333334, 0.21209333333333333, 0.22749333333333335, 0.24136000000000005, 0.25511999999999996, 0.2679466666666666, 0.2816533333333333, 0.29416000000000003, 0.3055466666666667, 0.31708000000000003, 0.32848, 0.33841333333333334, 0.3488, 0.35877333333333333, 0.36790666666666666, 0.37637333333333334, 0.3860533333333333, 0.39496000000000003, 0.4034, 0.41112, 0.4182133333333333], [0.020919999999999998, 0.04056666666666666, 0.05859333333333334, 0.07604, 0.09289333333333333, 0.10866666666666665, 0.12350666666666667, 0.13836666666666667, 0.15239333333333335, 0.16590666666666665, 0.17887333333333336, 0.19154666666666667, 0.20360666666666666, 0.2152133333333333, 0.22671999999999998, 0.23787333333333335, 0.24888000000000002, 0.25933333333333336, 0.2694533333333333, 0.2787733333333333, 0.2878133333333333, 0.29723333333333335, 0.30604000000000003, 0.31448000000000004, 0.32252000000000003, 0.33096, 0.3388, 0.3468133333333333, 0.35408666666666666, 0.36122], [0.01932, 0.03710333333333333, 0.053843333333333326, 0.06952, 0.08418333333333333, 0.09808, 0.11137000000000001, 0.12430666666666668, 0.13674666666666668, 0.14871666666666666, 0.16000999999999999, 0.17089000000000001, 0.18143, 0.19177000000000002, 0.20202, 0.21147333333333332, 0.221, 0.23016333333333336, 0.23900333333333332, 0.24732000000000004, 0.25553000000000003, 0.26354333333333335, 0.27081000000000005, 0.2783333333333333, 0.28531666666666666, 0.29225, 0.29908333333333337, 0.3056733333333333, 0.3121366666666667, 0.31799666666666665], [0.015936000000000002, 0.030351999999999994, 0.04351066666666666, 0.05587466666666666, 0.06764933333333333, 0.07877066666666667, 0.08924266666666666, 0.09921066666666667, 0.10878933333333335, 0.11804, 0.126924, 0.135456, 0.14384533333333333, 0.15195466666666668, 0.15972666666666666, 0.167408, 0.17466399999999999, 0.18181866666666668, 0.18862533333333337, 0.19550533333333334, 0.20197600000000002, 0.20829599999999998, 0.2146106666666667, 0.22082266666666667, 0.22674266666666668, 0.23250800000000002, 0.2381906666666667, 0.24374, 0.2491746666666667, 0.25443600000000005], [0.014188666666666667, 0.026859333333333332, 0.038356, 0.048982, 0.05890333333333333, 0.06822333333333334, 0.07712, 0.08567533333333333, 0.09385866666666667, 0.10171466666666668, 0.10909866666666669, 0.11625933333333334, 0.12306133333333333, 0.1296806666666667, 0.13611666666666666, 0.14229533333333333, 0.14828333333333335, 0.15420333333333333, 0.15983933333333333, 0.16536399999999998, 0.17077733333333334, 0.17612600000000003, 0.1813406666666667, 0.18638400000000005, 0.191286, 0.19602333333333335, 0.2007906666666667, 0.20538066666666666, 0.20994733333333337, 0.2143166666666667], [0.029066666666666664, 0.0561, 0.08143333333333334, 0.10666666666666667, 0.1293, 0.15090000000000003, 0.17260000000000003, 0.19363333333333332, 0.21343333333333334, 0.2320333333333333, 0.2496, 0.26659999999999995, 0.28296666666666664, 0.298, 0.31173333333333336, 0.3265, 0.3394666666666667, 0.3532, 0.3653333333333333, 0.37810000000000005, 0.3905333333333333, 0.40126666666666666, 0.4115666666666666, 0.4214333333333333, 0.43, 0.43766666666666665, 0.44673333333333337, 0.4560333333333333, 0.4638333333333333, 0.4717], [0.024586666666666666, 0.048519999999999994, 0.07024, 0.09115999999999999, 0.11103999999999999, 0.13029333333333334, 0.14837333333333333, 0.1655866666666667, 0.18273333333333336, 0.1992, 0.21461333333333332, 0.22916000000000003, 0.24308000000000002, 0.25568, 0.26785333333333333, 0.2799333333333333, 0.2918, 0.30272, 0.31318666666666667, 0.32348000000000005, 0.3335866666666667, 0.34252, 0.3521066666666667, 0.36036, 0.36905333333333334, 0.37762666666666667, 0.3855333333333333, 0.3934533333333333, 0.4007466666666667, 0.4076533333333333], [0.021206666666666665, 0.04123333333333332, 0.059733333333333326, 0.07758, 0.09445999999999999, 0.11057333333333333, 0.12594666666666668, 0.14069333333333334, 0.15447333333333332, 0.16749333333333333, 0.18028, 0.19254666666666667, 0.20413333333333333, 0.21564666666666668, 0.22671999999999998, 0.23696666666666666, 0.24715333333333334, 0.2571866666666667, 0.26674666666666663, 0.27580666666666664, 0.28486, 0.29362, 0.30226, 0.31090666666666666, 0.3190333333333333, 0.32735333333333333, 0.33516, 0.3426333333333333, 0.3502266666666667, 0.35746000000000006], [0.019146666666666663, 0.036616666666666665, 0.053196666666666656, 0.06863333333333334, 0.08305, 0.09679666666666668, 0.10981666666666665, 0.12195000000000002, 0.1337866666666667, 0.14515999999999998, 0.15638333333333335, 0.1667966666666667, 0.17708333333333331, 0.18703333333333336, 0.1965866666666667, 0.2057266666666667, 0.2144333333333333, 0.22332, 0.23149, 0.23976333333333333, 0.24773333333333336, 0.25544333333333336, 0.26277666666666666, 0.2699433333333333, 0.27698666666666666, 0.2836133333333334, 0.2904633333333333, 0.29705, 0.3036933333333333, 0.31007], [0.015448, 0.029551999999999995, 0.042526666666666664, 0.054773333333333334, 0.06601199999999999, 0.07699866666666667, 0.08714533333333332, 0.09705199999999999, 0.10638133333333333, 0.11543733333333334, 0.12409733333333334, 0.13262000000000002, 0.14082666666666668, 0.1488573333333333, 0.15660533333333335, 0.164112, 0.17133466666666666, 0.1784186666666667, 0.18542933333333333, 0.19219866666666668, 0.19866, 0.20491466666666666, 0.21101333333333336, 0.2170026666666667, 0.22288533333333332, 0.22866, 0.23431066666666667, 0.23980400000000002, 0.24507466666666666, 0.250292]]
[24.586017608642578, 39.346813440322876, 61.461782932281494, 102.53084993362427, 257.82798171043396, 446.9368329048157, 27.962596654891968, 40.69764423370361, 62.474175453186035, 94.11736059188843, 269.4438316822052, 429.171434879303, 27.7299702167511, 42.71640372276306, 61.95500946044922, 96.21698927879333, 245.48129224777222]
[[0.834, 0.8115, 0.7886666666666666, 0.766, 0.7454000000000001, 0.7308333333333332, 0.7124285714285714, 0.7005, 0.6863333333333332, 0.6711, 0.658909090909091, 0.6494166666666666, 0.639, 0.6251428571428571, 0.6157999999999999, 0.6051875, 0.5935294117647059, 0.5814444444444444, 0.5704736842105264, 0.5616500000000001, 0.5522380952380952, 0.5408181818181819, 0.530304347826087, 0.5203333333333334, 0.51096, 0.5015384615384616, 0.4918888888888889, 0.483, 0.47606896551724137, 0.46863333333333335], [0.7316, 0.702, 0.686, 0.6718, 0.6600799999999999, 0.6435333333333334, 0.6305714285714286, 0.6185, 0.6062222222222222, 0.59416, 0.584, 0.5740666666666667, 0.5631076923076924, 0.5518285714285713, 0.5417066666666666, 0.53115, 0.5221882352941176, 0.5136666666666667, 0.504778947368421, 0.49593999999999994, 0.4879809523809524, 0.4802, 0.4712869565217391, 0.4640666666666666, 0.456672, 0.4496461538461538, 0.44222222222222224, 0.43485714285714283, 0.4278758620689655, 0.4210933333333333], [0.5698, 0.5534, 0.5307333333333334, 0.51885, 0.50664, 0.4968, 0.48754285714285706, 0.47775, 0.46911111111111115, 0.46098, 0.4524181818181818, 0.4449166666666666, 0.43743076923076935, 0.43055714285714286, 0.42317333333333335, 0.41625, 0.40998823529411765, 0.40357777777777776, 0.3976105263157895, 0.39243999999999996, 0.38716190476190476, 0.3814545454545454, 0.3763304347826087, 0.3711916666666667, 0.366688, 0.3623076923076923, 0.35818518518518516, 0.35405714285714285, 0.35012413793103453, 0.3465666666666667], [0.5172, 0.49725, 0.4795333333333333, 0.4646, 0.45314000000000004, 0.444, 0.43462857142857136, 0.4245125, 0.41605555555555557, 0.40774, 0.3989181818181817, 0.392, 0.38452307692307697, 0.3777714285714286, 0.37182000000000004, 0.36631875, 0.3601176470588235, 0.35513888888888895, 0.35042631578947364, 0.34533, 0.34070952380952374, 0.3360454545454545, 0.3314304347826087, 0.32690833333333336, 0.32260800000000006, 0.31806538461538464, 0.3142, 0.31072142857142854, 0.30719655172413796, 0.30362333333333336], [0.43488, 0.41432, 0.39614666666666665, 0.38195, 0.369488, 0.35917333333333334, 0.3501828571428571, 0.34122, 0.3332177777777777, 0.325672, 0.3183236363636363, 0.31177000000000005, 0.3055723076923077, 0.30006285714285713, 0.29482933333333333, 0.289665, 0.28478588235294117, 0.2802511111111111, 0.27608210526315785, 0.271886, 0.2677980952380952, 0.26396, 0.26025043478260873, 0.25669833333333336, 0.2533056000000001, 0.2498507692307692, 0.2465822222222222, 0.24360142857142855, 0.24050896551724138, 0.23758666666666667], [0.40396, 0.38549, 0.3675999999999999, 0.35292, 0.33971199999999996, 0.32848, 0.3178914285714286, 0.308575, 0.29982444444444445, 0.292482, 0.28547818181818174, 0.27904833333333334, 0.2729692307692308, 0.26715714285714287, 0.26173066666666667, 0.256605, 0.25170352941176466, 0.24727444444444446, 0.24314842105263157, 0.239113, 0.23522, 0.23147727272727267, 0.22793304347826088, 0.2246325, 0.22152880000000005, 0.2184823076923077, 0.21551481481481477, 0.21260142857142858, 0.2099758620689655, 0.20731866666666668], [0.852, 0.828, 0.8026666666666668, 0.78075, 0.7624000000000001, 0.744, 0.7214285714285713, 0.703125, 0.6872222222222223, 0.6721, 0.6570909090909091, 0.6418333333333333, 0.6253076923076923, 0.6072142857142857, 0.5905333333333334, 0.57675, 0.5649411764705882, 0.5524444444444445, 0.5414210526315789, 0.53035, 0.519095238095238, 0.5069545454545454, 0.49682608695652175, 0.4877916666666666, 0.47848, 0.46996153846153843, 0.4615185185185185, 0.45407142857142857, 0.44779310344827594, 0.4407333333333333], [0.644, 0.62, 0.5997333333333333, 0.5852, 0.5713600000000001, 0.5594, 0.5499428571428571, 0.5388, 0.5262666666666667, 0.5155599999999999, 0.5054909090909091, 0.4971666666666667, 0.48818461538461544, 0.48002857142857136, 0.47149333333333343, 0.465025, 0.45903529411764704, 0.45155555555555554, 0.4450315789473684, 0.43927999999999995, 0.4332761904761905, 0.4272727272727273, 0.4215478260869565, 0.4163833333333333, 0.41110399999999997, 0.4059230769230769, 0.40056296296296295, 0.39614285714285713, 0.3900413793103448, 0.3845866666666667], [0.6188, 0.5968, 0.5800666666666667, 0.5627, 0.5498, 0.5376333333333334, 0.5255714285714285, 0.51365, 0.5029333333333333, 0.49367999999999995, 0.4850545454545454, 0.4765333333333333, 0.469, 0.46185714285714285, 0.45390666666666674, 0.4461375, 0.4393411764705883, 0.43204444444444445, 0.42532631578947366, 0.41938000000000003, 0.41272380952380955, 0.4063181818181818, 0.4, 0.39396666666666663, 0.388008, 0.3826846153846154, 0.37725925925925924, 0.3721142857142857, 0.3673310344827586, 0.36258], [0.5267, 0.5041, 0.4877666666666667, 0.473275, 0.45978, 0.4481, 0.43757142857142856, 0.428425, 0.42038888888888887, 0.41212999999999994, 0.4047, 0.3968833333333334, 0.38953846153846156, 0.38289999999999996, 0.37639333333333336, 0.369875, 0.3636705882352941, 0.35805555555555557, 0.3527736842105263, 0.34756499999999996, 0.34227142857142856, 0.3372909090909091, 0.33253043478260863, 0.32798333333333335, 0.323832, 0.31964615384615386, 0.31552592592592593, 0.3116035714285714, 0.3074827586206897, 0.30378333333333335], [0.43796, 0.41898, 0.40230666666666665, 0.38677, 0.37454399999999993, 0.3641466666666666, 0.35469142857142855, 0.34636, 0.33844888888888885, 0.33052, 0.32352727272727266, 0.317, 0.3111969230769231, 0.30534, 0.29989066666666664, 0.294935, 0.29039058823529407, 0.28600666666666663, 0.28169894736842105, 0.2777, 0.27365333333333336, 0.26998545454545453, 0.2662939130434782, 0.26283833333333334, 0.2594096, 0.2561338461538462, 0.25308592592592594, 0.2501357142857143, 0.24721103448275863, 0.24436], [0.3841, 0.36331, 0.34758, 0.33418, 0.322268, 0.31093, 0.30144, 0.29284, 0.28528666666666663, 0.278314, 0.27218, 0.26613833333333337, 0.26078153846153845, 0.25578285714285715, 0.25073600000000007, 0.246325, 0.242, 0.2379655555555555, 0.23419894736842103, 0.230714, 0.22722666666666672, 0.2238481818181818, 0.22050695652173907, 0.2174191666666667, 0.21460640000000003, 0.21180384615384618, 0.2091125925925926, 0.20659499999999997, 0.20414758620689655, 0.2017406666666667], [0.831, 0.796, 0.7656666666666666, 0.747, 0.725, 0.7115, 0.6928571428571427, 0.675875, 0.6656666666666667, 0.6486000000000001, 0.6355454545454545, 0.6224166666666667, 0.6112307692307692, 0.6022142857142857, 0.5911333333333333, 0.5803125, 0.5688823529411765, 0.5576111111111111, 0.5466842105263159, 0.5361500000000001, 0.5236190476190475, 0.5125, 0.5024782608695653, 0.4955, 0.48688, 0.4781153846153846, 0.4697037037037037, 0.46214285714285713, 0.45406896551724135, 0.44626666666666664], [0.6984, 0.6786, 0.6585333333333334, 0.6465, 0.63296, 0.6200666666666667, 0.6054285714285714, 0.59225, 0.5794666666666666, 0.56848, 0.5568363636363636, 0.5477, 0.5387692307692308, 0.5288, 0.5188, 0.510925, 0.5013176470588235, 0.49364444444444444, 0.48465263157894733, 0.47716000000000003, 0.4687428571428572, 0.4613454545454546, 0.4550260869565217, 0.4473, 0.43974399999999997, 0.43292307692307697, 0.4263407407407407, 0.4194857142857143, 0.41302068965517247, 0.40718666666666664], [0.5914, 0.5702, 0.5531333333333333, 0.5406, 0.52908, 0.5152333333333333, 0.505742857142857, 0.495775, 0.4858666666666666, 0.47634, 0.4663454545454546, 0.4589, 0.4516923076923077, 0.4445, 0.4374133333333333, 0.4309125, 0.42424705882352937, 0.418, 0.4120105263157895, 0.40647, 0.4008095238095238, 0.39566363636363633, 0.39008695652173914, 0.3848666666666667, 0.379448, 0.3741307692307692, 0.3691185185185185, 0.36457142857142855, 0.36011724137931034, 0.3555333333333333], [0.5063, 0.4806, 0.4653333333333333, 0.454875, 0.44354, 0.43265, 0.4233142857142857, 0.413825, 0.4048777777777778, 0.397, 0.39009999999999995, 0.38305, 0.37623846153846163, 0.37020714285714285, 0.36433333333333334, 0.358825, 0.3536588235294117, 0.34843888888888885, 0.34340526315789477, 0.33843500000000004, 0.3338, 0.3296545454545454, 0.32540434782608696, 0.3211666666666667, 0.3171360000000001, 0.3130923076923077, 0.309511111111111, 0.3059357142857143, 0.3025827586206897, 0.29908666666666667], [0.43844, 0.41766, 0.40123999999999993, 0.38686, 0.37325600000000003, 0.36276, 0.3533828571428571, 0.345185, 0.3370666666666666, 0.329768, 0.32264727272727267, 0.31621, 0.3102676923076923, 0.30470857142857144, 0.29934933333333336, 0.29435, 0.2896752941176471, 0.28479777777777776, 0.28054736842105266, 0.276352, 0.2722952380952381, 0.2684927272727272, 0.2648295652173913, 0.26133666666666666, 0.2580256, 0.2545076923076923, 0.25137333333333334, 0.24834571428571428, 0.24519448275862069, 0.24227066666666666]]
[[0.0278, 0.054099999999999995, 0.07886666666666667, 0.10213333333333333, 0.12423333333333335, 0.1461666666666667, 0.16623333333333334, 0.18680000000000002, 0.20589999999999997, 0.22369999999999998, 0.24159999999999998, 0.25976666666666665, 0.2769, 0.29173333333333334, 0.30789999999999995, 0.32276666666666665, 0.3363333333333334, 0.34886666666666666, 0.3613, 0.37443333333333334, 0.38656666666666667, 0.3966, 0.4065666666666667, 0.4162666666666667, 0.4258, 0.43466666666666665, 0.44270000000000004, 0.4508, 0.4602, 0.46863333333333335], [0.024386666666666668, 0.046799999999999994, 0.0686, 0.08957333333333332, 0.11001333333333332, 0.1287066666666667, 0.14713333333333334, 0.16493333333333335, 0.18186666666666668, 0.19805333333333333, 0.21413333333333331, 0.22962666666666665, 0.24401333333333333, 0.25751999999999997, 0.2708533333333333, 0.28328000000000003, 0.29590666666666665, 0.3082, 0.31969333333333333, 0.3306266666666667, 0.3415866666666667, 0.35214666666666666, 0.36132000000000003, 0.3712533333333333, 0.38056, 0.38969333333333334, 0.398, 0.4058666666666667, 0.41361333333333333, 0.4210933333333333], [0.018993333333333334, 0.03689333333333333, 0.053073333333333333, 0.06917999999999999, 0.08443999999999999, 0.09935999999999999, 0.11375999999999999, 0.1274, 0.14073333333333332, 0.15366, 0.16588666666666668, 0.17796666666666666, 0.18955333333333332, 0.20092666666666667, 0.21158666666666667, 0.222, 0.23232666666666665, 0.24214666666666668, 0.25182, 0.2616266666666666, 0.27101333333333333, 0.27973333333333333, 0.28852000000000005, 0.2969533333333334, 0.30557333333333336, 0.314, 0.32236666666666663, 0.3304533333333334, 0.3384533333333334, 0.3465666666666667], [0.01724, 0.03315, 0.04795333333333333, 0.06194666666666666, 0.07552333333333333, 0.0888, 0.10141333333333334, 0.11320333333333334, 0.12481666666666667, 0.13591333333333336, 0.14627000000000004, 0.1568, 0.1666266666666667, 0.17629333333333333, 0.18591000000000002, 0.19537000000000002, 0.20406666666666665, 0.21308333333333335, 0.22193666666666667, 0.23022000000000004, 0.23849666666666666, 0.24643333333333334, 0.2540966666666667, 0.26152666666666663, 0.26884, 0.27565666666666666, 0.28278000000000003, 0.2900066666666667, 0.29695666666666665, 0.30362333333333336], [0.014495999999999998, 0.02762133333333333, 0.03961466666666666, 0.05092666666666666, 0.061581333333333335, 0.07183466666666666, 0.08170933333333334, 0.090992, 0.09996533333333335, 0.10855733333333334, 0.11671866666666669, 0.12470800000000003, 0.13241466666666668, 0.14002933333333334, 0.14741466666666667, 0.15448800000000001, 0.16137866666666667, 0.1681506666666667, 0.17485199999999998, 0.18125733333333333, 0.1874586666666667, 0.1935706666666667, 0.19952533333333336, 0.20535866666666666, 0.21108800000000003, 0.21653733333333333, 0.221924, 0.22736133333333336, 0.23249199999999998, 0.23758666666666667], [0.013465333333333333, 0.02569933333333333, 0.036759999999999994, 0.047056, 0.05661866666666666, 0.06569599999999999, 0.07417466666666665, 0.08228666666666667, 0.08994733333333335, 0.09749400000000001, 0.10467533333333334, 0.11161933333333336, 0.11828666666666666, 0.12467333333333334, 0.13086533333333333, 0.136856, 0.142632, 0.14836466666666667, 0.153994, 0.15940866666666667, 0.16465400000000002, 0.16975, 0.1747486666666667, 0.17970599999999998, 0.18460733333333335, 0.18935133333333332, 0.19396333333333332, 0.19842800000000002, 0.20297666666666667, 0.20731866666666668], [0.028399999999999998, 0.0552, 0.08026666666666667, 0.1041, 0.1270666666666667, 0.14880000000000002, 0.16833333333333333, 0.1875, 0.2061666666666667, 0.22403333333333333, 0.24093333333333333, 0.25673333333333337, 0.2709666666666667, 0.28336666666666666, 0.2952666666666667, 0.30760000000000004, 0.3201333333333333, 0.3314666666666667, 0.3429, 0.35356666666666664, 0.36336666666666667, 0.37176666666666663, 0.38089999999999996, 0.3902333333333333, 0.39873333333333333, 0.4073, 0.41536666666666666, 0.4238, 0.4328666666666667, 0.4407333333333333], [0.02146666666666666, 0.04133333333333333, 0.05997333333333334, 0.07802666666666666, 0.09522666666666667, 0.11188, 0.12832000000000002, 0.14368000000000003, 0.15788, 0.17185333333333333, 0.18534666666666666, 0.19886666666666666, 0.21154666666666666, 0.22401333333333331, 0.23574666666666672, 0.2480133333333333, 0.26012, 0.2709333333333333, 0.28185333333333334, 0.29285333333333335, 0.30329333333333336, 0.31333333333333335, 0.3231866666666667, 0.33310666666666666, 0.3425866666666667, 0.3518, 0.36050666666666664, 0.36973333333333336, 0.37704, 0.3845866666666667], [0.020626666666666665, 0.039786666666666665, 0.05800666666666666, 0.07502666666666666, 0.09163333333333333, 0.10752666666666665, 0.12263333333333334, 0.13697333333333334, 0.15088000000000001, 0.16455999999999998, 0.17785333333333336, 0.19061333333333336, 0.20323333333333335, 0.21553333333333335, 0.22695333333333337, 0.23794, 0.24896000000000004, 0.25922666666666666, 0.26937333333333335, 0.2795866666666667, 0.28890666666666664, 0.2979666666666667, 0.3066666666666667, 0.31517333333333336, 0.32333999999999996, 0.33166, 0.33953333333333335, 0.34730666666666665, 0.35508666666666666, 0.36258], [0.017556666666666665, 0.03360666666666667, 0.04877666666666666, 0.06310333333333334, 0.07663, 0.08961999999999999, 0.10210000000000001, 0.11424666666666666, 0.1261166666666667, 0.13737666666666667, 0.14839000000000002, 0.15875333333333333, 0.1688, 0.1786866666666667, 0.18819666666666668, 0.19726666666666665, 0.20608, 0.21483333333333335, 0.2234233333333333, 0.23171, 0.23959, 0.24734666666666663, 0.25494, 0.26238666666666666, 0.26986000000000004, 0.27702666666666664, 0.28397333333333336, 0.29083000000000003, 0.2972333333333333, 0.30378333333333335], [0.014598666666666666, 0.027932, 0.040230666666666665, 0.051569333333333335, 0.06242399999999999, 0.07282933333333333, 0.08276133333333333, 0.09236266666666666, 0.10153466666666669, 0.11017333333333336, 0.1186266666666667, 0.12680000000000002, 0.134852, 0.14249199999999998, 0.14994533333333332, 0.1572986666666667, 0.16455466666666668, 0.17160399999999998, 0.17840933333333334, 0.18513333333333334, 0.19155733333333338, 0.19798933333333335, 0.20415866666666665, 0.21027066666666666, 0.21617466666666668, 0.2219826666666667, 0.22777733333333333, 0.23346, 0.23897066666666666, 0.24436], [0.012803333333333335, 0.024220666666666665, 0.03475799999999999, 0.044557333333333324, 0.053711333333333326, 0.06218599999999999, 0.070336, 0.07809066666666667, 0.08558600000000001, 0.09277133333333333, 0.09979933333333332, 0.10645533333333333, 0.11300533333333333, 0.11936533333333335, 0.12536800000000003, 0.13137333333333334, 0.13713333333333333, 0.1427793333333333, 0.148326, 0.15380933333333335, 0.15905866666666668, 0.16415533333333332, 0.16905533333333336, 0.17393533333333336, 0.17883866666666667, 0.18356333333333333, 0.18820133333333336, 0.19282199999999997, 0.19734266666666667, 0.2017406666666667], [0.027699999999999995, 0.053066666666666665, 0.07656666666666666, 0.0996, 0.12083333333333335, 0.1423, 0.16166666666666668, 0.18023333333333336, 0.19970000000000002, 0.21619999999999998, 0.23303333333333334, 0.24896666666666664, 0.2648666666666667, 0.2810333333333333, 0.29556666666666664, 0.3095, 0.3223666666666667, 0.3345666666666667, 0.34623333333333334, 0.3574333333333333, 0.3665333333333333, 0.37583333333333335, 0.38523333333333337, 0.3964, 0.40573333333333333, 0.4143666666666666, 0.4227333333333333, 0.43133333333333335, 0.4389333333333333, 0.44626666666666664], [0.023280000000000002, 0.045239999999999995, 0.06585333333333333, 0.08619999999999998, 0.10549333333333331, 0.12401333333333332, 0.14126666666666668, 0.15793333333333334, 0.17384000000000002, 0.18949333333333335, 0.20417333333333335, 0.21908000000000002, 0.23346666666666668, 0.24677333333333332, 0.2594, 0.27249333333333337, 0.28408, 0.29618666666666665, 0.30694666666666665, 0.31810666666666665, 0.32811999999999997, 0.33832, 0.34885333333333335, 0.35784, 0.36645333333333335, 0.3752, 0.38370666666666664, 0.39152, 0.39925333333333335, 0.40718666666666664], [0.019713333333333333, 0.03801333333333333, 0.055313333333333346, 0.07207999999999999, 0.08818, 0.10304666666666668, 0.11800666666666666, 0.13220666666666667, 0.14576, 0.15878, 0.17099333333333333, 0.18356, 0.19573333333333334, 0.20743333333333336, 0.21870666666666666, 0.22981999999999997, 0.24040666666666666, 0.2508, 0.26094, 0.27098, 0.2805666666666667, 0.2901533333333333, 0.2990666666666667, 0.30789333333333335, 0.31620666666666664, 0.3242466666666667, 0.33220666666666665, 0.3402666666666667, 0.34811333333333333, 0.3555333333333333], [0.016876666666666665, 0.03204, 0.04653333333333333, 0.06065, 0.07392333333333334, 0.08653000000000001, 0.09877333333333334, 0.11035333333333333, 0.12146333333333334, 0.13233333333333336, 0.14303666666666667, 0.15322000000000002, 0.1630366666666667, 0.17276333333333332, 0.18216666666666667, 0.1913733333333333, 0.20040666666666665, 0.20906333333333338, 0.21749000000000002, 0.22562333333333337, 0.23365999999999998, 0.24174666666666667, 0.24947666666666668, 0.2569333333333333, 0.26428, 0.2713466666666667, 0.27856, 0.28554, 0.2924966666666666, 0.29908666666666667], [0.014614666666666665, 0.027843999999999997, 0.04012399999999999, 0.051581333333333326, 0.062209333333333325, 0.07255199999999999, 0.082456, 0.09204933333333334, 0.10112, 0.10992266666666667, 0.11830399999999999, 0.126484, 0.13444933333333334, 0.14219733333333334, 0.14967466666666668, 0.1569866666666667, 0.16414933333333337, 0.17087866666666668, 0.17768000000000003, 0.18423466666666666, 0.19060666666666665, 0.19689466666666666, 0.20303600000000002, 0.20906933333333333, 0.21502133333333334, 0.22057333333333337, 0.22623600000000002, 0.23178933333333335, 0.23702133333333336, 0.24227066666666666]]
[23.067456483840942, 54.21543860435486, 82.80602550506592, 178.1429090499878, 399.33811616897583, 1003.9498038291931, 26.31923508644104, 43.72778058052063, 91.13015866279602, 161.16668891906738, 437.6024224758148, 1018.4615154266357, 21.172500610351562, 52.162734508514404, 91.66429924964905, 170.68089270591736, 420.56240224838257]